Date,Receitas,Custos,Lucros,Fluxo_de_Caixa
2024-01-31,103456,48567,54889,56321
2024-02-29,110234,50213,60021,58000
2024-03-31,95432,47890,47542,46000
2024-04-30,125678,63450,62228,65000
2024-05-31,134567,70000,64567,63000
2024-06-30,115432,59000,56432,56000
2024-07-31,130123,61000,69123,70000
2024-08-31,142345,72000,70345,73000
2024-09-30,98000,45000,53000,55000
2024-10-31,150000,80000,70000,72000
2024-11-30,120000,55000,65000,64000
2024-12-31,140000,68000,72000,71000